GF2_PMS2__L1A0000788763-MSS2    92.80166258169936    0.867202407222651    0.71524259243393785    0.7505206536291822
GF2_PMS2__L1A0001035795-MSS2    84.7427205882353    0.6939986532638824    0.71469581349079654    0.7570049864961678
GF2_PMS2__L1A0001471436-MSS2    81.48271446078432    0.7443597001137506    0.8056257816907305    0.8390255576374314
GF2_PMS1__L1A0001765572-MSS1    87.98215277777778    0.7242949655566079    0.70898582283831936    0.764799161679802
GF2_PMS2__L1A0001206072-MSS2    84.95954656862746    0.7413507992396555    0.6838712831665491    0.71090406931216956
GF2_PMS2__L1A0001787080-MSS2    38.94587826797386    0.19903535440804847    0.36738749571457077    0.34148529688304858
GF2_PMS2__L1A0001876775-MSS2    89.83369281045752    0.7954774820020903    0.78868752517932973    0.8275968930500295
GF2_PMS2__L1A0000564691-MSS2    84.57774305555556    0.7497046955551143    0.7169066981457152    0.7594732119466424
GF2_PMS2__L1A0001389317-MSS2    84.07594158496732    0.7066546065213872    0.74503639118723237    0.7987422566392898
GF2_PMS1__L1A0001290139-MSS1    89.25203022875817    0.6349839113203161    0.5942688997787711    0.6023047215671551
GF2_PMS1__L1A0001660727-MSS1    78.88493055555556    0.6487840639800371    0.7605718923186714    0.8571185712411145
GF2_PMS2__L1A0001768200-MSS2    85.85358251633987    0.715045366395475    0.76153958090540076    0.8105934196961345
GF2_PMS2__L1A0001642620-MSS2    87.98861315359478    0.7932377395641447    0.6772644449164386    0.6971418491493397
GF2_PMS1__L1A0001491417-MSS1    89.46322916666668    0.819979998733248    0.7472737747629731    0.7644780759464629
GF2_PMS1__L1A0001015649-MSS1    93.8926388888889    0.7894566021086012    0.67472566139248714    0.6957055605056244
Total      83.64913848039217    0.7082377563990006    0.6974722438614615    0.7324596190253062
