GF2_PMS2__L1A0000788763-MSS2    89.94144403594773    0.8102371876086077    0.69503887564686463    0.79003841561368966
GF2_PMS2__L1A0001035795-MSS2    84.26838848039216    0.6766234961444243    0.75198857686217586    0.8654100625893019
GF2_PMS2__L1A0001471436-MSS2    86.04056168300654    0.7913048117299098    0.8051525594235592    0.9029107032218012
GF2_PMS1__L1A0001765572-MSS1    89.80557598039216    0.7630630019587954    0.7665328330971885    0.9045240560908649
GF2_PMS2__L1A0001206072-MSS2    87.5377818627451    0.7454967072003632    0.748924316807146    0.8606142123321086
GF2_PMS2__L1A0001787080-MSS2    87.73264297385622    0.5641502103073163    0.53811831791763743    0.5917808243153541
GF2_PMS2__L1A0001876775-MSS2    93.41847017973858    0.8602988486007857    0.8809156280088992    0.9691346499925853
GF2_PMS2__L1A0000564691-MSS2    88.60797998366014    0.8037549301521201    0.7378880522209558    0.8342673986886837
GF2_PMS2__L1A0001389317-MSS2    84.88064950980393    0.7081889632147028    0.78976001052405627    0.9051053399457978
GF2_PMS1__L1A0001290139-MSS1    96.99644403594772    0.7669192518605109    0.66905969612248196    0.74848048961497594
GF2_PMS1__L1A0001660727-MSS1    80.01665236928105    0.66295090715086764    0.8733282860155141    0.965351293881007
GF2_PMS2__L1A0001768200-MSS2    92.39409722222223    0.7894546660110407    0.8000437175808322    0.9020921857686586
GF2_PMS2__L1A0001642620-MSS2    90.84724264705883    0.839623652399628    0.7730455191918005    0.8634106605739385
GF2_PMS1__L1A0001491417-MSS1    94.13886437908498    0.8872014270126821    0.8117321462282954    0.878614689282574
GF2_PMS1__L1A0001015649-MSS1    96.51447712418302    0.856481802237768    0.7311575161264718    0.8064075929229823
Total      88.40941816448802    0.7661538685298222    0.7581790701182586    0.8565428383222883
