GF2_PMS2__L1A0000788763-MSS2    86.63897263071897    0.77745179689545    0.6811757977045618    0.739632477352381
GF2_PMS2__L1A0001035795-MSS2    83.38433619281047    0.6828021679155847    0.72639342384339634    0.7824281665486032
GF2_PMS2__L1A0001471436-MSS2    80.72510416666667    0.7349004957326524    0.7463619999212887    0.8015821393672071
GF2_PMS1__L1A0001765572-MSS1    86.49263888888889    0.7489107550945032    0.68358720703092757    0.7637432554357537
GF2_PMS2__L1A0001206072-MSS2    84.4029922385621    0.7645794100172529    0.74885477034617864    0.8058530627096338
GF2_PMS2__L1A0001787080-MSS2    72.17880923202615    0.47117589784597145    0.4214084532288539    0.42534802600337533
GF2_PMS2__L1A0001876775-MSS2    88.88750612745099    0.8162152490475322    0.7832998365419647    0.8363667590065212
GF2_PMS2__L1A0000564691-MSS2    84.56066380718956    0.7680644469396304    0.6871102769087476    0.7344831653811577
GF2_PMS2__L1A0001389317-MSS2    80.60111928104575    0.6623482124145463    0.7097082237992337    0.7787252942500952
GF2_PMS1__L1A0001290139-MSS1    93.44525122549021    0.7190329475101473    0.6675728920677294    0.7076114548400399
GF2_PMS1__L1A0001660727-MSS1    79.48407475490197    0.6613694510295232    0.8384143903366048    0.9397341546565654
GF2_PMS2__L1A0001768200-MSS2    89.85904003267974    0.7820706775101443    0.7753961882634921    0.8285724806138613
GF2_PMS2__L1A0001642620-MSS2    88.73849060457518    0.8385572028920144    0.7460267587248051    0.7829421979814662
GF2_PMS1__L1A0001491417-MSS1    88.16532066993464    0.8166637671215535    0.8348737030425767    0.8752050251522237
GF2_PMS1__L1A0001015649-MSS1    88.80370915032681    0.7538551634151823    0.69887195689656256    0.7609934126890266
Total      85.0912019335512    0.7345331760921125    0.71660372524379495    0.7708814047991939
