GF2_PMS2__L1A0000788763-MSS2    95.17319852941178    0.9028148810858143    0.8222383367899426    0.9323716876044631
GF2_PMS2__L1A0001035795-MSS2    81.22077818627452    0.6330107878906346    0.6802696916136153    0.8026461082647777
GF2_PMS2__L1A0001471436-MSS2    87.0942116013072    0.8117672562764825    0.8248363842511774    0.9241491618748161
GF2_PMS1__L1A0001765572-MSS1    90.31519607843138    0.7849565925176271    0.7849376471017995    0.9318764855824485
GF2_PMS2__L1A0001206072-MSS2    88.05755923202615    0.8041979916245799    0.767113221883582    0.8702238656191013
GF2_PMS2__L1A0001787080-MSS2    88.87394403594772    0.6724544776861981    0.51526922162756694    0.5663680532453457
GF2_PMS2__L1A0001876775-MSS2    90.33190767973856    0.8207989432855281    0.7658157697304985    0.871986380638082
GF2_PMS2__L1A0000564691-MSS2    86.96711192810459    0.7875716522799376    0.821138661471094    0.9536628840400182
GF2_PMS2__L1A0001389317-MSS2    84.81122140522876    0.7236943307704925    0.7636506393012714    0.8728293814213928
GF2_PMS1__L1A0001290139-MSS1    94.93530433006536    0.7443497288426092    0.6215986467372632    0.70081860536819035
GF2_PMS1__L1A0001660727-MSS1    78.80995098039216    0.6336711771584506    0.8202272048934767    0.973466155450405
GF2_PMS2__L1A0001768200-MSS2    92.66682802287582    0.8136545590539096    0.7900789571357675    0.8916014388592862
GF2_PMS2__L1A0001642620-MSS2    84.22655433006537    0.7472014590074423    0.683319744309877    0.7916181134301665
GF2_PMS1__L1A0001491417-MSS1    92.68493668300654    0.8740542329049929    0.8631937348975507    0.942679465680829
GF2_PMS1__L1A0001015649-MSS1    86.3638316993464    0.6875759861397999    0.59756115116497627    0.6979612333679921
Total      88.16883564814816    0.7727849371016332    0.7414166008606306    0.8482839346964877
